Vertices = 968
Arestas = 14204
Grau maximo = 44
Grau minimo = 8
Mediana = 41
Quantidade de componentes conexas: 5
Numero de vertices da componete conexa: 500
Vetores dessa componente conexa: 1, 2, 3, 4, 5, 7, 8, 10, 12, 13, 14, 15, 16, 17, 22, 25, 26, 28, 31, 33, 34, 35, 39, 41, 43, 44, 45, 46, 47, 48, 50, 51, 52, 53, 54, 55, 56, 58, 61, 62, 63, 64, 65, 66, 71, 76, 78, 80, 81, 82, 85, 86, 88, 89, 90, 91, 96, 99, 101, 103, 104, 107, 108, 109, 110, 112, 113, 114, 117, 119, 121, 122, 123, 124, 125, 127, 128, 130, 133, 134, 138, 141, 142, 143, 146, 149, 150, 151, 152, 156, 159, 160, 162, 163, 165, 171, 172, 175, 177, 180, 181, 182, 184, 185, 188, 190, 192, 194, 195, 196, 197, 198, 199, 200, 202, 203, 205, 206, 207, 211, 212, 213, 216, 218, 219, 220, 223, 224, 225, 228, 231, 234, 235, 236, 242, 243, 244, 247, 250, 251, 254, 255, 257, 261, 263, 265, 267, 269, 270, 276, 281, 283, 285, 293, 296, 298, 300, 303, 304, 306, 307, 310, 311, 314, 319, 322, 324, 340, 341, 342, 344, 345, 346, 349, 351, 352, 354, 356, 359, 360, 364, 365, 370, 373, 375, 376, 377, 378, 380, 382, 384, 386, 387, 388, 393, 395, 401, 402, 403, 406, 407, 410, 411, 414, 415, 417, 419, 422, 424, 429, 431, 435, 436, 437, 438, 439, 442, 445, 446, 448, 454, 455, 456, 457, 458, 460, 462, 467, 472, 473, 475, 477, 478, 480, 484, 485, 487, 489, 490, 491, 492, 493, 494, 497, 498, 502, 503, 504, 505, 506, 508, 510, 513, 514, 518, 519, 520, 522, 523, 524, 526, 527, 528, 530, 531, 532, 534, 535, 539, 540, 542, 543, 545, 547, 548, 549, 550, 551, 553, 554, 557, 558, 559, 561, 562, 564, 565, 567, 568, 575, 576, 578, 580, 581, 583, 584, 585, 587, 588, 589, 590, 592, 597, 598, 599, 601, 602, 604, 605, 608, 612, 613, 615, 617, 618, 620, 628, 629, 630, 631, 633, 636, 637, 638, 639, 640, 641, 642, 644, 645, 649, 651, 653, 655, 658, 660, 662, 663, 664, 666, 667, 668, 669, 670, 673, 674, 675, 676, 677, 678, 681, 682, 686, 687, 689, 693, 695, 696, 697, 698, 699, 704, 706, 707, 709, 711, 713, 714, 715, 716, 717, 719, 724, 728, 729, 730, 731, 733, 735, 736, 739, 740, 741, 746, 748, 753, 754, 756, 757, 758, 759, 761, 764, 765, 767, 768, 772, 775, 776, 777, 782, 783, 784, 787, 790, 791, 792, 793, 795, 797, 798, 799, 800, 802, 804, 807, 809, 810, 811, 819, 823, 824, 825, 826, 827, 830, 831, 834, 837, 838, 843, 845, 848, 851, 852, 854, 857, 859, 861, 863, 864, 866, 870, 872, 874, 875, 878, 879, 880, 881, 882, 883, 884, 887, 889, 890, 891, 893, 895, 898, 899, 901, 903, 906, 910, 915, 917, 918, 919, 920, 922, 923, 926, 927, 929, 932, 936, 937, 939, 940, 941, 942, 943, 944, 945, 946, 947, 950, 952, 953, 954, 956, 957, 958, 960, 961, 963, 964, 965, 966, 

Numero de vertices da componete conexa: 250
Vetores dessa componente conexa: 6, 19, 20, 21, 23, 29, 30, 36, 37, 42, 49, 57, 68, 69, 70, 72, 74, 75, 77, 79, 84, 92, 94, 98, 100, 102, 105, 106, 118, 120, 131, 137, 140, 144, 145, 148, 153, 158, 161, 164, 167, 170, 173, 179, 191, 193, 210, 214, 226, 227, 233, 238, 239, 248, 253, 256, 258, 264, 266, 274, 275, 277, 278, 282, 287, 291, 295, 302, 305, 308, 309, 312, 316, 317, 318, 320, 325, 326, 327, 328, 331, 332, 338, 343, 347, 348, 350, 358, 361, 366, 368, 371, 372, 374, 381, 389, 392, 394, 396, 397, 398, 400, 408, 412, 413, 418, 420, 421, 423, 425, 427, 428, 430, 432, 440, 441, 443, 447, 449, 451, 452, 453, 459, 463, 464, 471, 479, 483, 495, 496, 499, 501, 511, 512, 515, 516, 521, 525, 529, 536, 537, 538, 555, 556, 563, 570, 571, 572, 574, 577, 582, 586, 594, 595, 596, 600, 603, 609, 610, 611, 616, 619, 621, 624, 625, 627, 634, 635, 643, 646, 647, 648, 650, 656, 657, 672, 685, 688, 692, 700, 702, 705, 710, 712, 720, 721, 723, 726, 727, 737, 738, 742, 743, 744, 747, 749, 750, 751, 755, 760, 770, 771, 780, 788, 789, 794, 803, 805, 806, 813, 815, 818, 822, 828, 829, 832, 833, 835, 836, 840, 841, 842, 844, 847, 853, 858, 865, 867, 868, 877, 885, 888, 896, 905, 908, 909, 911, 912, 914, 916, 921, 925, 930, 931, 933, 949, 951, 955, 959, 967, 

Numero de vertices da componete conexa: 125
Vetores dessa componente conexa: 9, 11, 24, 27, 32, 38, 40, 59, 95, 111, 115, 116, 126, 129, 132, 136, 147, 154, 155, 166, 168, 176, 183, 189, 201, 204, 208, 209, 229, 230, 246, 249, 259, 262, 272, 273, 279, 280, 284, 288, 289, 290, 292, 294, 299, 301, 313, 315, 329, 330, 333, 336, 337, 357, 363, 367, 369, 379, 385, 390, 399, 404, 405, 409, 416, 433, 434, 444, 461, 465, 470, 474, 481, 486, 488, 544, 546, 560, 566, 569, 573, 606, 607, 622, 626, 654, 659, 671, 680, 683, 690, 691, 694, 703, 708, 722, 732, 745, 763, 766, 773, 774, 779, 781, 785, 786, 801, 808, 814, 816, 821, 846, 855, 869, 871, 876, 886, 892, 904, 907, 913, 928, 935, 938, 948, 

Numero de vertices da componete conexa: 62
Vetores dessa componente conexa: 18, 60, 73, 83, 93, 97, 135, 157, 178, 187, 215, 217, 222, 232, 237, 260, 271, 286, 297, 321, 323, 335, 353, 355, 362, 383, 391, 426, 450, 468, 469, 482, 500, 507, 509, 517, 533, 541, 552, 579, 614, 623, 632, 652, 679, 684, 701, 725, 762, 769, 778, 796, 812, 817, 850, 862, 894, 897, 902, 934, 962, 968, 

Numero de vertices da componete conexa: 31
Vetores dessa componente conexa: 67, 87, 139, 169, 174, 186, 221, 240, 241, 245, 252, 268, 334, 339, 466, 476, 591, 593, 661, 665, 718, 734, 752, 820, 839, 849, 856, 860, 873, 900, 924, 



