Peso total: 224.49
1   0
2   186
3   787
4   905
5   153
6   142
7   235
8   947
9   901
10   820
11   279
12   636
13   783
14   175
15   107
16   843
17   423
18   674
19   864
20   168
21   814
22   553
23   371
24   378
25   158
26   900
27   782
28   221
29   712
30   279
31   208
32   302
33   548
34   389
35   797
36   683
37   760
38   344
39   68
40   333
41   635
42   18
43   251
44   756
45   421
46   350
47   320
48   467
49   876
50   198
51   663
52   491
53   739
54   97
55   732
56   632
57   232
58   960
59   225
60   905
61   31
62   964
63   820
64   286
65   551
66   856
67   740
68   857
69   288
70   739
71   742
72   527
73   746
74   513
75   690
76   690
77   124
78   885
79   262
80   833
81   542
82   284
83   489
84   794
85   449
86   187
87   232
88   477
89   968
90   237
91   420
92   350
93   857
94   334
95   140
96   39
97   616
98   855
99   818
100   957
101   767
102   358
103   485
104   487
105   542
106   887
107   509
108   492
109   899
110   631
111   796
112   686
113   297
114   431
115   21
116   49
117   580
118   746
119   323
120   1
121   469
122   924
123   651
124   336
125   10
126   986
127   462
128   942
129   543
130   790
131   911
132   318
133   495
134   585
135   280
136   534
137   70
138   983
139   776
140   742
141   121
142   338
143   623
144   359
145   794
146   66
147   980
148   481
149   309
150   828
151   763
152   220
153   161
154   31
155   228
156   882
157   181
158   843
159   736
160   212
161   492
162   522
163   537
164   652
165   199
166   848
167   134
168   856
169   240
170   232
171   569
172   33
173   204
174   769
175   333
176   857
177   482
178   317
179   23
180   176
181   249
182   951
183   900
184   197
185   103
186   211
187   151
188   995
189   776
190   244
191   218
192   727
193   457
194   961
195   278
196   925
197   246
198   192
199   620
200   349
201   556
202   695
203   660
204   875
205   938
206   894
207   619
208   776
209   222
210   847
211   645
212   73
213   598
214   114
215   307
216   285
217   66
218   224
219   707
220   482
221   440
222   272
223   228
224   982
225   858
226   496
227   54
228   214
229   825
230   632
231   676
232   580
233   652
234   788
235   408
236   820
237   341
238   288
239   589
240   687
241   335
242   188
243   484
244   499
245   897
246   163
247   165
248   607
249   166
250   759
251   533
252   925
253   348
254   732
255   698
256   636
257   730
258   166
259   506
260   807
261   933
262   152
263   948
264   388
265   104
266   456
267   850
268   306
269   476
270   897
271   930
272   999
273   405
274   649
275   288
276   852
277   542
278   327
279   83
280   130
281   326
282   565
283   375
284   297
285   709
286   739
287   550
288   426
289   923
290   546
291   91
292   834
293   800
294   633
295   15
296   909
297   371
298   69
299   51
300   897
301   977
302   352
303   198
304   904
305   873
306   992
307   883
308   434
309   34
310   81
311   484
312   848
313   412
314   200
315   658
316   436
317   787
318   515
319   670
320   478
321   526
322   194
323   754
324   771
325   195
326   645
327   940
328   935
329   664
330   749
331   945
332   377
333   761
334   345
335   90
336   558
337   194
338   683
339   655
340   927
341   487
342   809
343   989
344   231
345   386
346   97
347   802
348   16
349   37
350   173
351   417
352   976
353   260
354   385
355   808
356   638
357   955
358   38
359   140
360   474
361   884
362   966
363   856
364   86
365   495
366   530
367   286
368   153
369   825
370   224
371   932
372   918
373   361
374   382
375   556
376   303
377   344
378   357
379   392
380   853
381   186
382   41
383   908
384   293
385   920
386   332
387   664
388   858
389   83
390   858
391   844
392   794
393   208
394   739
395   895
396   123
397   157
398   875
399   627
400   29
401   374
402   85
403   773
404   320
405   313
406   593
407   44
408   932
409   398
410   783
411   688
412   885
413   990
414   825
415   507
416   232
417   456
418   157
419   470
420   315
421   739
422   408
423   221
424   857
425   75
426   218
427   670
428   439
429   769
430   991
431   222
432   675
433   869
434   923
435   709
436   954
437   417
438   87
439   785
440   559
441   393
442   817
443   683
444   140
445   293
446   315
447   569
448   999
449   461
450   189
451   713
452   424
453   239
454   352
455   941
456   973
457   23
458   354
459   511
460   741
461   938
462   85
463   310
464   181
465   98
466   160
467   845
468   350
469   895
470   547
471   650
472   561
473   310
474   356
475   126
476   706
477   798
478   732
479   326
480   814
481   248
482   56
483   430
484   435
485   763
486   821
487   282
488   677
489   811
490   383
491   600
492   20
493   15
494   140
495   949
496   652
497   645
498   816
499   632
500   165
501   95
502   266
503   250
504   263
505   925
506   115
507   595
508   461
509   369
510   982
511   492
512   115
513   721
514   590
515   698
516   956
517   703
518   932
519   634
520   549
521   530
522   161
523   100
524   297
525   315
526   873
527   729
528   178
529   619
530   789
531   317
532   994
533   890
534   379
535   808
536   309
537   259
538   665
539   732
540   135
541   841
542   923
543   820
544   401
545   866
546   386
547   473
548   779
549   883
550   249
551   748
552   771
553   387
554   998
555   335
556   214
557   193
558   333
559   995
560   578
561   348
562   296
563   396
564   873
565   158
566   796
567   304
568   21
569   317
570   453
571   313
572   921
573   807
574   173
575   73
576   887
577   376
578   826
579   660
580   637
581   125
582   157
583   727
584   868
585   601
586   825
587   174
588   796
589   985
590   635
591   488
592   365
593   520
594   77
595   379
596   320
597   460
598   398
599   99
600   805
601   169
602   561
603   441
604   50
605   313
606   448
607   395
608   395
609   213
610   14
611   341
612   498
613   690
614   755
615   509
616   520
617   426
618   76
619   338
620   83
621   263
622   592
623   5
624   900
625   989
626   539
627   957
628   326
629   371
630   607
631   762
632   531
633   398
634   310
635   856
636   790
637   534
638   898
639   532
640   178
641   11
642   136
643   829
644   611
645   598
646   763
647   694
648   965
649   461
650   476
651   224
652   915
653   970
654   372
655   407
656   380
657   121
658   500
659   418
660   479
661   973
662   579
663   276
664   992
665   717
666   631
667   21
668   161
669   159
670   278
671   966
672   32
673   564
674   478
675   353
676   53
677   666
678   558
679   310
680   700
681   285
682   779
683   846
684   76
685   200
686   109
687   91
688   697
689   59
690   9
691   701
692   739
693   636
694   852
695   177
696   714
697   66
698   285
699   201
700   611
701   613
702   923
703   492
704   114
705   47
706   766
707   150
708   354
709   959
710   153
711   391
712   575
713   204
714   65
715   103
716   939
717   584
718   741
719   247
720   117
721   652
722   279
723   592
724   320
725   183
726   861
727   217
728   72
729   41
730   858
731   474
732   30
733   284
734   422
735   917
736   718
737   572
738   27
739   962
740   430
741   358
742   258
743   289
744   426
745   253
746   429
747   744
748   161
749   913
750   666
751   296
752   480
753   584
754   674
755   46
756   453
757   814
758   953
759   386
760   294
761   527
762   1
763   695
764   970
765   409
766   840
767   425
768   11
769   613
770   73
771   202
772   468
773   835
774   568
775   939
776   927
777   593
778   173
779   745
780   474
781   173
782   449
783   608
784   237
785   103
786   636
787   831
788   200
789   925
790   727
791   812
792   961
793   325
794   32
795   678
796   573
797   967
798   20
799   855
800   913
801   805
802   353
803   96
804   141
805   341
806   698
807   624
808   831
809   272
810   815
811   762
812   546
813   722
814   900
815   215
816   659
817   385
818   622
819   668
820   831
821   353
822   224
823   172
824   387
825   478
826   244
827   681
828   895
829   291
830   100
831   564
832   824
833   423
834   659
835   105
836   997
837   250
838   754
839   955
840   45
841   257
842   829
843   324
844   313
845   912
846   700
847   864
848   595
849   782
850   27
851   642
852   86
853   204
854   147
855   125
856   138
857   957
858   547
859   55
860   997
861   168
862   814
863   714
864   843
865   733
866   733
867   917
868   260
869   332
870   860
871   289
872   988
873   884
874   41
875   215
876   914
877   259
878   7
879   707
880   119
881   666
882   258
883   852
884   216
885   965
886   601
887   33
888   550
889   373
890   236
891   184
892   268
893   507
894   177
895   390
896   109
897   536
898   757
899   850
900   603
901   858
902   529
903   965
904   229
905   158
906   297
907   237
908   8
909   454
910   933
911   10
912   250
913   340
914   318
915   933
916   276
917   948
918   735
919   482
920   831
921   617
922   596
923   117
924   421
925   974
926   700
927   25
928   379
929   977
930   934
931   754
932   53
933   289
934   319
935   855
936   853
937   504
938   574
939   198
940   757
941   493
942   835
943   707
944   523
945   695
946   236
947   914
948   125
949   222
950   115
951   737
952   892
953   58
954   761
955   323
956   900
957   580
958   138
959   965
960   315
961   781
962   315
963   772
964   958
965   11
966   305
967   672
968   976
969   81
970   452
971   691
972   60
973   435
974   831
975   613
976   962
977   996
978   767
979   462
980   365
981   580
982   893
983   713
984   852
985   591
986   686
987   95
988   605
989   382
990   279
991   573
992   844
993   890
994   300
995   326
996   688
997   317
998   228
999   117
1000   48
